[
  {
    "listing": "/listing-danl-210-hw.html",
    "items": [
      "/danl-hw/danl-210-hw-01.html",
      "/danl-hw/danl-210-hw-02.html"
    ]
  },
  {
    "listing": "/blog-listing.html",
    "items": [
      "/posts/nba/nba.html",
      "/posts/py-basic/blog-python-basics.html",
      "/posts/beer-markets/beer-markets.html",
      "/posts/welcome/index.html"
    ]
  },
  {
    "listing": "/listing-danl-210-lec.html",
    "items": [
      "/danl-lec/danl-210-lec-01-2025-0122.html",
      "/danl-lec/danl-210-lec-02-2025-0124.html",
      "/danl-lec/danl-210-lec-03-2025-0127.html",
      "/danl-lec/danl-210-lec-04-2025-0131.html",
      "/danl-lec/danl-210-lec-05-2025-0203.html",
      "/danl-lec/danl-210-lec-06-2025-0210.html",
      "/danl-lec/danl-210-lec-07-2025-0212.html",
      "/danl-lec/danl-210-lec-08-2025-0214.html",
      "/danl-lec/danl-210-lec-09-2025-0217.html",
      "/danl-lec/danl-210-lec-10-2025-0219.html",
      "/danl-lec/danl-210-lec-11-2025-0221.html",
      "/danl-lec/danl-210-lec-12-2025-0224.html",
      "/danl-lec/danl-210-lec-13-2025-0226.html"
    ]
  },
  {
    "listing": "/listing-danl-210-ex.html",
    "items": [
      "/danl-ex/danl-210-exam-1-a.html"
    ]
  },
  {
    "listing": "/listing-danl-210-rw.html",
    "items": [
      "/danl-rw/danl-210-project.html"
    ]
  },
  {
    "listing": "/listing-danl-210-cw.html",
    "items": [
      "/danl-cw/danl-210-cw-01.html",
      "/danl-cw/danl-210-cw-02.html",
      "/danl-cw/danl-210-cw-03.html",
      "/danl-cw/danl-210-cw-04.html",
      "/danl-cw/danl-210-cw-05.html",
      "/danl-cw/danl-210-cw-06.html",
      "/danl-cw/danl-210-cw-07.html"
    ]
  },
  {
    "listing": "/listing-danl-210-qa.html",
    "items": [
      "/danl-qa/danl-210-qa.html"
    ]
  },
  {
    "listing": "/index.html",
    "items": [
      "/danl-lec/danl-210-lec-13-2025-0226.html",
      "/danl-lec/danl-210-lec-12-2025-0224.html",
      "/danl-lec/danl-210-lec-11-2025-0221.html",
      "/danl-lec/danl-210-lec-10-2025-0219.html",
      "/danl-lec/danl-210-lec-09-2025-0217.html",
      "/danl-lec/danl-210-lec-08-2025-0214.html",
      "/danl-lec/danl-210-lec-07-2025-0212.html",
      "/danl-lec/danl-210-lec-06-2025-0210.html",
      "/danl-lec/danl-210-lec-05-2025-0203.html",
      "/danl-lec/danl-210-lec-04-2025-0131.html",
      "/danl-lec/danl-210-lec-03-2025-0127.html",
      "/danl-lec/danl-210-lec-02-2025-0124.html",
      "/danl-lec/danl-210-lec-01-2025-0122.html",
      "/danl-cw/danl-210-cw-07.html",
      "/danl-cw/danl-210-cw-06.html",
      "/danl-cw/danl-210-cw-05.html",
      "/danl-cw/danl-210-cw-04.html",
      "/danl-cw/danl-210-cw-03.html",
      "/danl-cw/danl-210-cw-02.html",
      "/danl-cw/danl-210-cw-01.html",
      "/danl-hw/danl-210-hw-02.html",
      "/danl-hw/danl-210-hw-01.html"
    ]
  }
]