[
  {
    "listing": "/listing-danl-210-qa.html",
    "items": [
      "/danl-qa/danl-210-qa-01.html",
      "/danl-qa/danl-210-qa-02.html",
      "/danl-qa/danl-210-qa-03.html",
      "/danl-qa/danl-210-qa-04.html",
      "/danl-qa/danl-210-qa-05.html",
      "/danl-qa/danl-210-qa-06.html",
      "/danl-qa/danl-210-qa-07.html",
      "/danl-qa/danl-210-qa-08.html",
      "/danl-qa/danl-210-qa-09.html",
      "/danl-qa/danl-210-qa-10.html",
      "/danl-qa/danl-210-qa-11.html",
      "/danl-qa/danl-210-qa-12.html",
      "/danl-qa/danl-210-qa-13.html",
      "/danl-qa/danl-210-qa-14.html",
      "/danl-qa/danl-210-qa-15.html",
      "/danl-qa/danl-210-qa-16.html",
      "/danl-qa/danl-210-qa-17.html",
      "/danl-qa/danl-210-qa-18.html",
      "/danl-qa/danl-210-qa-19.html",
      "/danl-qa/danl-210-qa-20.html",
      "/danl-qa/danl-210-qa-21.html"
    ]
  },
  {
    "listing": "/blog-listing.html",
    "items": [
      "/posts/nba/nba.html",
      "/posts/py-basic/blog-python-basics.html",
      "/posts/beer-markets/beer-markets.html",
      "/posts/welcome/index.html"
    ]
  },
  {
    "listing": "/listing-danl-210-lec.html",
    "items": [
      "/danl-lec/danl-210-lec-01-2024-0123.html",
      "/danl-lec/danl-210-lec-02-2024-0125.html",
      "/danl-lec/danl-210-lec-03-2024-0130.html",
      "/danl-lec/danl-210-lec-04-2024-0201.html",
      "/danl-lec/danl-210-lec-05-2024-0206.html",
      "/danl-lec/danl-210-lec-06-2024-0208.html",
      "/danl-lec/danl-210-lec-07-2024-0213.html",
      "/danl-lec/danl-210-lec-08-2024-0215.html",
      "/danl-lec/danl-210-lec-09-2024-0222.html",
      "/danl-lec/danl-210-lec-10-2024-0229.html",
      "/danl-lec/danl-210-lec-11-2024-0305.html",
      "/danl-lec/danl-210-lec-12-2024-0307.html",
      "/danl-lec/danl-210-lec-13-2024-0319.html",
      "/danl-lec/danl-210-lec-14-2024-0321.html",
      "/danl-lec/danl-210-lec-15-2024-0326.html",
      "/danl-lec/danl-210-lec-16-2024-0402.html",
      "/danl-lec/danl-210-lec-17-2024-0404.html",
      "/danl-lec/danl-210-lec-18-2024-0409.html",
      "/danl-lec/danl-210-lec-19-2024-0411.html",
      "/danl-lec/danl-210-lec-20-2024-0416.html",
      "/danl-lec/danl-210-lec-21-2024-0418.html"
    ]
  },
  {
    "listing": "/listing-danl-210-cw.html",
    "items": [
      "/danl-cw/danl-210-cw-01.html",
      "/danl-cw/danl-210-cw-02.html",
      "/danl-cw/danl-210-cw-03.html",
      "/danl-cw/danl-210-cw-04.html",
      "/danl-cw/danl-210-cw-05.html",
      "/danl-cw/danl-210-cw-06.html",
      "/danl-cw/danl-210-cw-07.html",
      "/danl-cw/danl-210-cw-08.html",
      "/danl-cw/danl-210-cw-09.html",
      "/danl-cw/danl-210-cw-10.html",
      "/danl-cw/danl-210-cw-11.html",
      "/danl-cw/danl-210-cw-12.html"
    ]
  },
  {
    "listing": "/listing-danl-210-hw.html",
    "items": [
      "/danl-hw/danl-210-hw-01.html",
      "/danl-hw/danl-210-hw-02.html",
      "/danl-hw/danl-210-hw-03.html",
      "/danl-hw/danl-210-hw-04.html"
    ]
  },
  {
    "listing": "/index.html",
    "items": [
      "/danl-lec/danl-210-lec-21-2024-0418.html",
      "/danl-lec/danl-210-lec-20-2024-0416.html",
      "/danl-lec/danl-210-lec-19-2024-0411.html",
      "/danl-lec/danl-210-lec-18-2024-0409.html",
      "/danl-lec/danl-210-lec-17-2024-0404.html",
      "/danl-lec/danl-210-lec-16-2024-0402.html",
      "/danl-lec/danl-210-lec-15-2024-0326.html",
      "/danl-lec/danl-210-lec-14-2024-0321.html",
      "/danl-lec/danl-210-lec-13-2024-0319.html",
      "/danl-lec/danl-210-lec-12-2024-0307.html",
      "/danl-lec/danl-210-lec-11-2024-0305.html",
      "/danl-lec/danl-210-lec-10-2024-0229.html",
      "/danl-lec/danl-210-lec-09-2024-0222.html",
      "/danl-lec/danl-210-lec-08-2024-0215.html",
      "/danl-lec/danl-210-lec-07-2024-0213.html",
      "/danl-lec/danl-210-lec-06-2024-0208.html",
      "/danl-lec/danl-210-lec-05-2024-0206.html",
      "/danl-lec/danl-210-lec-04-2024-0201.html",
      "/danl-lec/danl-210-lec-03-2024-0130.html",
      "/danl-lec/danl-210-lec-02-2024-0125.html",
      "/danl-lec/danl-210-lec-01-2024-0123.html",
      "/danl-qa/danl-210-qa-21.html",
      "/danl-qa/danl-210-qa-20.html",
      "/danl-qa/danl-210-qa-19.html",
      "/danl-qa/danl-210-qa-18.html",
      "/danl-qa/danl-210-qa-17.html",
      "/danl-qa/danl-210-qa-16.html",
      "/danl-qa/danl-210-qa-15.html",
      "/danl-qa/danl-210-qa-14.html",
      "/danl-qa/danl-210-qa-13.html",
      "/danl-qa/danl-210-qa-12.html",
      "/danl-qa/danl-210-qa-11.html",
      "/danl-qa/danl-210-qa-10.html",
      "/danl-qa/danl-210-qa-09.html",
      "/danl-qa/danl-210-qa-08.html",
      "/danl-qa/danl-210-qa-07.html",
      "/danl-qa/danl-210-qa-06.html",
      "/danl-qa/danl-210-qa-05.html",
      "/danl-qa/danl-210-qa-04.html",
      "/danl-qa/danl-210-qa-03.html",
      "/danl-qa/danl-210-qa-02.html",
      "/danl-qa/danl-210-qa-01.html",
      "/danl-cw/danl-210-cw-12.html",
      "/danl-cw/danl-210-cw-11.html",
      "/danl-cw/danl-210-cw-10.html",
      "/danl-cw/danl-210-cw-09.html",
      "/danl-cw/danl-210-cw-08.html",
      "/danl-cw/danl-210-cw-07.html",
      "/danl-cw/danl-210-cw-06.html",
      "/danl-cw/danl-210-cw-05.html",
      "/danl-cw/danl-210-cw-04.html",
      "/danl-cw/danl-210-cw-03.html",
      "/danl-cw/danl-210-cw-02.html",
      "/danl-cw/danl-210-cw-01.html",
      "/danl-hw/danl-210-hw-04.html",
      "/danl-hw/danl-210-hw-03.html",
      "/danl-hw/danl-210-hw-02.html",
      "/danl-hw/danl-210-hw-01.html"
    ]
  }
]